2998078
2994642
2992754
2989714
2983299
2983297
2972915
2972455
2970918
2967169
2961890
2961618
2957503
2953902
2953889
2953752
2953738
2951786
2951785
2951784
2951783
2951782
2951781
2951780
2951779
2951778
2951777
2951776
2951775
2951774
2951773
2951772
2951771
2951770
2951769
2951768
2951767
2951766
2951765
2951764
2951763
2951762
2951761
2951760
2951759
2951758
2951757
2951756
2951755
2951754
2951753
2951752
2951751
2951750
2951749
2951748
2951747
2951746
2951745
2951744
2951743
2951742
2951741
2951740
2950076
2950075
2950074
2944892
2944678
2944677
2944675
2944674
2944673
2944672
2943686
2943677
2943670
2943668
2943497
2942470
2942309
2940591
2940517
2940516
2939973
2939970
2939922
2939905
2939883
2939860
2939841
2939825
2939800
2939072
2939063
2939058
2939056
2939049
2937651
2934698
2930198
2929515
2929514
2929512
2929509
2929504
2925837
2924041
2923434
2923433
2923432
2923431
2923430
2923429
2923428
2923427
2923426
2923425
2923424
2923423
2923422
2923375
2919922
2919921
2913495
2912245
2912196
2912195
2911206
2908637
2905880
2905879
2904802
2904122
2904121
2899079
2893335
2888345
2885640
2881048
2881047
2881046
2871688
2865162
2864459
2855444
2853158
2850077
2850076
2850075
2850074
2850073
2850072
2850071
2850070
2849868
2846762
2841538
2841537
2839946
2839061
2839060
2839057
2839056
2838415
2836181
2829614
2824158
2821147
2820758
2820675
2820674
2818440
2818439
2810070
2804665
2804664
2804638
2804637
2804625
2804623
2804564
2799605
2799604
2799603
2799602
2799601
2799600
2799599
2799598
2799597
2799596
2799595
2799594
2799593
2799592
2799591
2799281
2798861
2792607
2792059
2792058
2792057
2792045
2790961
2790960
2790959
2790958
2790957
2790956
2790955
2785295
2785026
2782386
2782005
2782003
2781976
2781966
2780079
2780078
2780077
2780076
2779371
2777978
2777956
2777955
2777954
2777953
2777952
2777951
2777950
2777949
2777948
2777947
2777946
2777945
2777944
2774133
2774132
2774131
2774130
2774129
2774128
2774127
2774126
2774125
2773709
2772562
2772254
2767435
2767434
2767221
2762270
2762238
2762215
2760758
2760711
2759808
2759807
2759806
2759805
2759702
2758709
2755571
2755321
2755320
2755139
2755061
2754367
2752482
2752481
2752480
2749440
2749439
2749438
2749437
2749436
2749360
2749087
2748835
2746728
2746721
2746720
2746719
2746718
2743575
2742618
2742611
2742610
2735132
2734636
2734635
2733866
2731251
2731249
2731247
2730922
2726727
2725684
2725492
2725412
2715164
2715163
2714110
2712221
2712220
2708350
2708348
2708021
2707340
2707015
2705463
2699469
2697502
2697501
2692137
2692136
2686015
2685852
2684404
2675741
2675715
2666192
2665161
2662362
2654909
2653185
2653125
2653124
2650966
2650965
2650964
2644688
2644361
2636534
2636383
2615117
2614989
2614988
2614987
2614986
2609668
2609156
2609155
2609154
2609153
2609152
2609151
2609150
2609149
2609148
2609147
2609146
2609145
2609144
2609143
2609142
2609141
2609140
2609139
2609138
2609137
2609136
2609135
2609134
2609133
2609132
2608387
2608386
2608365
2608364
2608363
2608324
2607668
2605383
2605273
2605272
2605270
2604798
2604797
2604796
2604795
2604794
2604793
2604792
2604791
2604790
2604789
2604788
2604780
2601203
2601202
2601201
2601200
2601199
2601198
2601197
2601196
2601195
2601194
2601193
2601192
2601191
2601190
2601189
2601188
2601187
2601186
2601185
2601184
2601183
2601182
2601181
2601180
2601179
2601178
2601177
2601176
2601175
2601174
2601173
2601172
2601171
2601170
2601169
2601168
2601167
2601166
2601165
2601164
2601163
2601162
2601161
2601160
2601159
2601158
2601157
2601156
2601155
2601154
2601153
2601152
2601151
2601150
2601149
2601148
2601147
2601146
2601145
2601144
2601143
2601142
2601141
2601140
2601139
2601138
2601137
2601136
2601135
2601134
2601133
2601132
2601131
2601130
2601129
2601128
2601127
2601126
2601125
2601124
2601123
2601122
2601121
2601120
2601119
2601118
2601117
2601116
2601115
2601114
2601113
2601112
2601111
2601110
2601109
2601108
2601107
2601106
2601105
2601104
2601103
2601102
2601101
2601100
2601099
2601098
2601097
2601096
2601095
2601094
2601093
2601092
2601091
2601090
2601089
2601088
2601087
2601086
2601085
2601084
2601083
2601082
2601081
2601080
2601079
2601078
2601077
2601076
2601075
2601074
2601073
2601072
2601071
2601070
2601069
2601068
2601067
2601066
2601065
2601064
2601063
2601062
2601061
2601060
2601059
2601058
2601057
2601056
2601055
2601054
2601053
2601052
2601051
2601050
2601049
2601048
2601047
2601046
2601045
2601044
2601043
2601042
2601041
2601040
2601039
2601038
2601037
2601036
2601035
2601034
2601033
2601032
2601031
2601030
2601029
2601028
2601027
2601026
2601025
2601024
2601023
2601022
2601021
2601020
2601019
2601018
2601017
2601016
2601015
2601014
2601013
2600066
2597355
2597354
2597353
2596826
2596642
2591821
2591811
2591806
2591805
2591804
2591038
2587144
2586907
2585769
2585718
2576829
2571142
2565557
2565531
2563897
2555884
2550864
2550863
2545797
2529851
2529850
2529849
2529848
2529847
2529846
2529845
2529843
2529840
2529839
2529838
2529837
2529836
2529835
2518706
2518703
2518702
2518701
2518695
2518693
2518692
2518681
2518679
2518678
2518676
2518675
2518672
2518671
2518665
2518625
2518624
2517899
2492966
2492965
2492964
2492963
2488563
2487709
2487708
2487707
2487706
2485131
2483802
2479844
2479836
2420890
2420889
2420312
2420307
2420305
2420304
2420303
2420302
2420301
2420300
2419605
2419603
2419601
2358475
2339221
2302372
2302364
2293835
2293834
2291421
2283318
2282777
2282417
2267615
2267614
2250086
2233970
2213016
2203895
2183931
2183915
2170769
2170768
2170767
2170730
2152892
2136183
2136182
2126983
2094561
2086574
2083783
2083753
2083752
2080673
2079596
2072504
2069438
2060938
2058325
2058324
2058322
2058312
2058310
2058308
2053290
2053289
2053288
2053287
2040294
2039806
2038409
2028567
2024618
2024406
2018564
2014877
2006115
2004650
2004649
2004648
2004647
2004646
2004644
2003286
2003237
2003236
2003235
2003234
2003233
2003231
2003223
2003219
2003218
2003217
2003213
2003202
2003201
2003200
2003199
1985875
1985874
1982756
1977884
1977883
1977882
1977881
1977880
1977879
1977877
1977876
1977875
1977874
1977873
1977872
1977871
1975705
1972871
1972191
1969819
1969818
1969817
1969816
1969815
1969814
1960940
1960826
1960825
1952265
1952264
1952263
1947361
1947360
1947359
1947358
1947357
1947356
1947355
1947354
1947353
1947352
1947351
1947350
1947349
1947348
1947347
1947346
1947345
1945959
1945958
1945957
1945956
1945955
1945954
1945953
1945952
1945951
1945950
1945949
1945948
1945947
1945946
1945945
1945944
1945943
1945942
1945941
1945940
1945939
1945938
1945937
1945936
1945935
1945934
1945933
1945932
1945931
1945930
1945929
1945928
1945927
1945926
1945925
1945521
1945520
1938737
1938736
1935434
1935432
1934978
1932438
1930857
1930856
1929239
1926479
1926478
1926477
1919977
1917963
1914307
1911924
1911923
1911922
1911921
1911920
1911919
1911916
1911915
1910913
1910910
1907941
1905204
1905202
1905201
1905200
1905199
1905198
1905194
1898949
1898948
1898947
1898946
1896966
1895695
1895694
1891969
1891224
1889775
1888930
1884820
1882740
1882739
1882738
1882737
1882736
1880736
1879050
1879049
1876769
1874102
1872459
1872415
1871111
1868618
1868617
1868616
1868615
1868614
1868171
1867985
1867800
1867769
1867709
1867122
1867121
1867120
1867119
1867118
1867117
1867059
1867046
1866914
1864694
1864693
1862567
1862367
1862365
1861898
1861897
1861694
1861667
1860135
1860097
1859487
1858698
1856987
1856986
1856985
1856984
1856909
1856908
1856907
1856906
1856905
1856846
1856665
1856664
1856663
1854714
1854649
1853934
1853933
1853932
1853678
1853677
1853357
1853313
1851003
1850320
1850249
1849786
1849383
1849295
1848937
1848935
1848912
1848843
1848593
1848592
1848591
1848590
1848589
1848147
1847964
1847963
1847962
1847961
1847960
1847959
1847958
1844794
1844470
1844457
1844456
1844455
1844398
1843689
1843688
1843687
1843686
1843685
1843684
1843683
1843371
1841932
1841905
1841507
1841396
1841395
1841394
1840358
1840357
1839785
1836992
1836991
1836990
1836989
1836988
1836987
1836986
1836216
1836215
1836214
1836213
1836212
1834772
1834668
1834667
1834392
1834391
1834390
1834389
1834388
1834387
1834386
1834385
1834384
1833778
1833777
1827505
1827504
1827285
1826070
1826069
1825541
1825540
1825461
1825460
1825459
1825458
1821623
1821224
1820098
1820097
1820096
1820095
1820094
1820093
1820092
1820091
1820090
1820089
1820088
1820087
1820086
1820085
1819878
1819759
1819570
1818846
1818350
1818349
1817952
1817951
1814253
1814252
1814016
1813738
1813376
1813375
1813374
1812923
1812922
1812811
1812058
1812057
1812056
1811617
1811616
1811615
1811614
1811613
1811612
1811611
1811524
1811339
1811338
1811337
1811325
1811236
1811235
1810393
1810389
1809328
1809327
1809326
1809325
1809060
1809059
1809055
1808968
1808949
1808850
1808001
1808000
1806892
1805900
1805899
1805898
1805897
1805896
1805895
1805894
1805893
1805892
1805891
1805890
1805635
1805634
1805633
1805498
1804985
1804871
1804870
1804869
1804868
1804867
1804866
1804865
1804864
1804863
1804862
1804861
1804860
1804694
1804693
1799533
1799532
1799531
1799423
1798134
1797235
1797234
1796989
1796982
1796981
1796785
1796769
1796768
1796767
1796656
1796475
1796474
1796473
1796027
1795629
1794656
1794655
1794654
1794653
1794652
1794651
1794315
1794314
1794313
1794312
1794311
1794310
1794309
1793868
1792919
1792918
1789676
1789675
1789674
1789673
1789224
1789213
1788888
1788312
1788311
1785128
1785092
1784983
1784715
1781628
1779861
1778886
1778881
1778880
1778789
1778486
1778266
1778020
1777446
1776742
1776741
1776740
1776305
1776292
1776269
1776067
1776066
1775989
1775988
1775987
1775913
1775882
1775558
1775557
1774941
1772220
1770523
1770522
1770521
1770520
1770174
1770062
1769180
1769179
1768631
1768103
1766854
1766853
1766616
1765946
1765618
1765617
1765616
1765615
1765614
1765613
1765511
1765510
1765509
1763002
1763001
1761742
1761699
1761698
1761697
1759090
1758539
1758486
1758202
1758189
1758175
1758170
1756470
1752076
1751899
1750690
1750689
1750688
1750687
1750686
1750670
1750669
1750668
1750667
1750666
1750665
1750664
1750663
1750662
1750661
1750660
1750659
1750658
1750657
1750656
1750655
1750654
1750653
1750643
1749403
1749040
1748238
1747819
1747414
1747090
1747089
1745954
1745715
1745714
1744966
1744965
1744964
1744963
1744962
1743257
1743226
1743225
1743224
1743115
1742988
1742987
1742986
1742815
1742809
1742800
1742799
1742798
1742797
1742796
1742795
1742794
1742793
1742792
1742791
1742790
1742789
1742779
1742778
1742737
1740142
1738464
1738450
1737986
1737724
1737076
1736444
1736269
1733992
1733908
1729648
1729604
1729603
1729602
1729021
1729020
1729019
1729018
1729017
1723641
1723636
1723635
1723601
1723385
1720996
1720995
1720994
1720993
1720992
1720991
1720990
1720989
1720988
1720987
1720986
1720985
1720984
1720983
1720982
1720981
1720980
1720979
1720978
1720977
1720552
1720551
1720344
1720266
1720106
1720101
1719996
1719932
1719682
1718670
1718450
1718123
1718122
1718121
1718120
1718119
1718118
1718117
1718116
1718115
1718114
1718113
1718112
1718111
1718110
1718109
1718108
1718107
1718106
1718105
1718104
1718103
1718102
1718101
1718100
1718099
1717890
1717889
1717888
1717887
1717886
1717885
1717884
1717883
1717882
1717881
1717170
1716401
1716400
1716092
1716091
1716090
1716089
1716088
1715588
1715587
1715586
1715585
1715217
1714889
1714842
1714524
1713309
1713288
1713287
1712385
1712384
1711922
1711666
1711640
1710629
1708529
1708199
1708198
1708197
1708196
1708195
1708194
1708193
1708192
1708127
1707305
1707304
1707303
1707302
1707301
1707300
1707299
1707298
1707297
1707296
1707295
1705596
1705595
1705563
1705336
1705317
1705316
1705198
1705187
1703880
1703879
1703878
1703360
1702060
1702059
1702051
1701569
1699624
1699623
1699622
1699621
1699159
1699158
1699157
1699156
1698414
1698413
1698412
1698411
1698410
1698409
1698408
1698407
1698406
1697942
1697253
1697252
1697251
1697250
1697249
1697248
1697247
1696967
1696966
1695942
1692138
1692102
1692101
1692100
1692099
1692098
1692097
1692096
1692095
1692094
1692093
1692092
1692091
1692090
1692089
1692088
1692087
1692086
1692085
1692084
1692083
1692082
1692081
1692080
1692079
1692078
1692077
1692076
1692075
1692074
1692073
1692072
1692071
1692070
1692069
1692068
1692067
1692066
1692065
1692064
1692063
1692062
1692061
1692060
1692059
1692058
1692057
1692056
1692055
1692054
1692053
1692052
1692051
1692050
1692049
1692048
1691389
1691386
1691385
1691384
1691383
1691382
1691381
1691380
1691379
1691378
1691377
1691375
1690010
1690009
1688529
1688528
1688527
1688526
1688525
1688524
1686416
1686291
1685925
1685649
1685601
1685600
1685599
1685598
1685451
1684990
1684872
1684871
1684870
1684869
1684775
1684774
1684773
1684772
1684771
1684770
1684448
1684191
1684190
1684189
1684188
1684187
1684186
1684148
1684147
1684146
1684145
1684109
1684105
1684104
1684103
1684102
1684101
1684100
1684099
1684098
1684072
1684065
1683887
1683886
1683885
1683884
1683883
1682961
1682960
1682959
1682958
1682129
1681108
1681107
1681106
1681105
1681104
1681103
1681102
1681101
1681100
1681099
1681098
1681097
1681096
1681095
1680992
1680991
1680990
1680989
1680916
1680715
1680714
1680713
1680219
1680218
1680217
1679487
1679147
1679127
1679126
1679125
1679124
1679123
1679122
1679121
1679120
1679119
1679118
1679117
1679116
1679115
1679114
1679113
1678426
1678404
1676733
1676408
1676407
1676406
1676405
1675959
1675958
1675957
1675956
1675955
1675954
1675953
1675952
1675951
1675950
1675902
1675868
1675867
1675816
1675803
1675530
1674083
1673840
1673839
1673732
1673609
1673507
1673506
1673505
1673504
1673503
1673502
1673501
1673500
1673499
1673498
1673497
1673496
1673316
1673232
1673091
1673090
1673089
1673088
1673071
1673070
1673069
1672769
1672647
1671584
1671438
1665289
1665288
1665287
1665286
1665285
1665284
1665283
1665282
1665281
1665280
1664023
1663074
1663073
1663072
1663071
1663070
1662601
1662453
1662407
1662406
1662405
1661746
1661201
1661200
1661190
1661189
1661188
1660177
1659471
1659302
1659224
1657920
1657919
1656097
1653870
1653284
1653283
1652110
1651954
1649885
1649884
1649883
1649882
1649881
1649880
1649879
1649878
1649156
1649155
1649154
1649153
1649152
1649151
1649150
1649149
1649148
1649147
1648861
1648143
1647641
1647640
1647639
1647630
1647629
1647598
1647444
1646532
1646498
1644166
1644165
1644164
1644163
1644162
1644161
1644160
1644159
1644158
1644157
1644156
1644155
1644154
1644153
1644152
1643050
1643049
1643048
1643047
1643046
1643026
1643025
1643024
1643023
1643022
1643021
1641849
1641683
1641645
1641644
1641643
1640406
1640405
1640404
1640403
1640402
1640401
1640400
1639593
1639592
1639591
1639590
1639202
1639041
1638979
1638978
1638687
1637709
1637509
1636712
1636604
1636603
1636437
1635383
1635382
1634980
1634781
1634780
1634779
1634778
1634777
1634776
1634775
1634774
1634773
1634772
1634771
1634770
1634769
1634768
1634767
1634766
1634765
1634764
1634763
1634762
1634761
1634760
1634759
1634758
1634757
1634756
1634755
1634754
1634753
1634752
1634751
1634750
1634749
1634748
1634747
1634746
1634745
1634744
1634743
1634742
1634741
1634740
1634739
1634738
1634737
1634736
1634735
1634734
1634733
1634732
1634731
1634730
1634729
1634728
1634727
1634726
1634725
1634724
1634723
1634722
1634721
1634720
1634719
1634718
1634717
1634716
1634715
1634714
1634713
1634712
1634711
1634710
1634709
1634708
1634707
1634706
1634705
1634704
1634703
1634702
1634701
1634700
1634699
1634698
1634697
1634696
1634695
1634694
1634693
1634692
1634691
1634690
1634689
1634688
1634687
1634686
1634685
1634684
1634683
1634682
1634681
1634680
1634679
1634678
1634677
1634676
1634675
1634674
1634673
1634672
1634671
1634391
1634390
1634389
1634362
1634361
1634360
1634359
1633813
1632738
1631264
1631242
1631241
1630758
1630757
1630756
1630755
1630754
1630753
1630752
1630027
1630026
1629614
1628394
1628218
1628217
1627891
1623573
1623572
1623571
1623570
1621504
1621330
1621329
1621328
1621327
1621326
1621325
1621324
1621323
1621322
1621321
1621320
1621319
1621318
1620944
1619214
1619213
1619187
1618119
1618061
1617936
1617684
1617683
1617682
1617681
1617680
1617679
1617678
1617677
1617676
1617675
1617674
1617673
1617672
1617671
1617670
1617669
1617668
1617667
1617666
1617665
1617664
1617663
1617662
1617652
1617651
1617639
1617287
1616785
1616040
1615965
1615963
1615770
1612655
1612654
1612653
1612578
1612577
1612569
1612299
1609919
1608853
1608627
1608473
1608346
1608345
1608342
1608341
1608340
1608339
1608338
1608337
1605922
1605921
1605322
1605321
1605320
1605319
1605318
1604696
1604394
1604339
1603550
1603549
1602259
1602107
1598094
1594212
1592530
1592529
1592348
1592347
1591091
1591090
1591057
1586667
1582810
1582270
1582269
1582268
1582267
1581452
1580550
1580549
1580547
1580546
1579801
1579800
1579799
1579527
1579345
1579182
1578993
1578291
1578278
1578277
1577730
1577436
1577432
1577431
1577430
1577429
1576628
1576627
1576451
1573525
1573524
1573523
1573522
1573521
1573520
1573519
1573518
1573517
1573516
1573515
1573008
1573007
1573006
1572772
1572771
1572770
1572490
1571949
1571948
1571947
1571946
1571708
1571692
1571691
1571690
1571689
1569265
1569264
1567075
1565191
1564462
1564461
1563518
1563414
1563413
1563412
1562758
1562587
1562586
1562582
1561384
1561217
1561068
1561010
1560892
1560483
1556329
1556328
1556327
1553449
1552148
1551640
1551639
1551638
1551637
1551636
1551635
1551478
1551459
1550715
1549814
1548399
1547884
1547883
1547584
1546595
1546594
1546593
1546592
1546591
1546590
1546589
1546588
1546587
1546586
1546585
1546584
1546583
1546582
1546581
1546580
1546579
1546578
1546577
1546576
1546575
1546574
1546573
1546572
1546571
1546570
1546569
1546568
1546567
1546566
1546565
1546564
1546563
1546562
1546561
1546560
1546559
1546558
1546557
1546556
1546555
1546554
1546553
1546552
1546551
1546550
1546549
1546548
1546547
1546546
1546545
1546544
1546074
1544569
1544019
1544018
1543866
1543757
1543756
1542701
1542433
1542424
1542422
1541051
1540730
1540729
1540533
1540532
1540531
1540530
1540529
1540528
1540527
1540526
1540525
1540524
1540523
1540522
1540463
1540292
1540291
1540290
1540289
1540288
1540287
1540286
1540285
1540284
1540283
1540282
1540281
1540122
1540072
1538603
1538475
1538358
1538263
1538188
1537261
1537152
1537018
1536903
1536589
1535691
1535682
1535659
1535058
1535057
1535056
1535055
1535054
1535053
1535052
1535051
1535050
1535049
1535048
1535047
1535046
1535045
1535044
1535043
1535042
1535041
1535040
1535039
1535038
1535037
1535036
1535035
1535034
1535033
1535032
1535031
1532129
1532128
1532127
1530431
1530123
1530063
1530062
1530061
1530060
1530059
1530058
1530057
1530056
1530055
1530054
1530053
1530052
1530051
1530050
1530049
1529113
1529112
1529111
1529110
1529109
1528831
1525410
1525409
1525408
1525407
1524834
1522984
1522273
1522132
1521368
1520245
1518730
1518729
1518497
1517933
1517844
1517647
1516133
1515660
1515213
1515212
1514815
1514814
1514813
1514812
1514811
1514810
1514809
1514808
1514192
1514191
1514071
1513878
1513877
1513876
1513485
1513372
1513354
1513288
1511728
1510186
1509457
1509456
1509403
1509229
1508829
1508828
1508395
1508165
1508089
1508088
1507807
1507736
1507477
1507005
1507004
1507003
1507002
1507001
1506599
1506598
1506335
1506332
1506329
1506325
1506324
1506323
1506320
1506315
1505766
1505716
1505519
1504277
1503964
1503922
1503921
1503920
1503390
1503389
1502798
1502786
1502771
1502768
1502644
1501971
1501911
1501811
1501810
1501691
1501133
1501132
1500760
1500759
1500758
1500211
1500210
1500152
1499942
1499669
1498981
1498013
1498012
1497337
1497018
1497011
1496140
1496125
1496124
1495606
1495528
1495330
1495329
1495328
1495121
1494547
1494011
1493894
1493893
1493892
1493891
1493890
1493889
1491838
1491837
1491618
1491193
1490449
1490092
1489601
1489600
1489599
1489598
1489597
1489596
1489595
1489594
1489593
1489546
1489545
1489544
1489543
1487924
1486279
1486169
1486168
1485596
1485002
1484699
1484698
1484292
1484291
1484290
1484156
1484127
1483542
1482715
1482677
1481098
1480860
1480859
1480858
1480857
1480856
1479517
1479513
1479084
1479083
1479040
1479039
1478020
1477372
1477371
1477020
1476962
1476934
1476933
1476932
1476720
1476719
1476718
1476405
1476169
1476168
1476016
1475024
1475023
1474998
1474997
1474996
1474995
1474994
1474993
1474992
1474868
1474862
1474861
1474860
1474859
1474858
1474857
1474856
1474855
1474854
1474853
1474852
1474851
1474850
1474849
1474848
1474847
1474846
1474845
1474844
1474843
1474842
1474841
1474840
1474839
1474838
1474837
1474836
1474835
1474834
1474833
1474832
1474831
1474830
1474829
1474828
1474827
1474826
1474825
1474824
1474823
1472941
1472908
1472907
1472906
1472905
1472904
1472903
1472902
1472901
1472900
1472899
1472898
1472897
1472896
1472895
1472894
1472893
1472892
1472891
1472890
1472889
1472682
1472681
1472218
1471583
1471148
1470157
1470068
1469814
1469813
1469812
1469811
1469435
1469434
1469433
1469432
1465500
1465499
1463795
1463791
1462563
1461748
1461626
1461340
1461132
1460683
1459953
1459232
1459231
1459230
1458926
1458925
1458924
1458923
1458922
1458921
1458920
1458919
1458918
1456806
1456629
1456628
1456627
1456626
1456625
1456624
1456623
1456622
1456621
1456620
1456619
1456618
1456617
1456616
1455795
1455580
1455316
1455315
1454991
1454074
1454073
1453743
1453597
1453596
1453595
1453015
1451507
1451233
1450018
1450012
1449787
1449755
1449440
1449439
1449438
1446001
1446000
1445999
1445998
1445997
1445558
1444744
1444458
1444457
1444456
1444455
1443941
1443940
1443132
1443131
1442807
1442273
1442272
1441929
1441740
1441663
1441662
1439426
1439317
1439316
1437525
1436855
1436854
1436179
1436131
1435465
1435418
1435047
1435036
1434841
1434311
1434301
1434212
1433544
1431338
1429238
1429079
1428536
1428535
1427496
1427452
1427030
1427029
1425717
1425716
1424205
1424204
1424192
1424191
1424190
1424188
1424186
1424178
1424177
1424148
1424147
1424146
1424145
1424144
1424142
1424136
1424135
1424134
1424133
1424127
1424126
1424123
1424119
1424114
1424113
1424111
1424110
1424088
1420742
1420741
1420740
1420716
1419620
1419359
1419358
1419357
1419356
1419355
1419354
1419353
1419352
1416870
1416869
1415574
1415520
1415144
1414745
1414744
1413216
1412959
1411372
1411371
1410948
1409928
1409927
1409926
1409925
1409924
1409923
1409922
1408897
1408124
1408123
1407071
1401639
1400867
1398992
1398991
1398990
1398989
1398988
1398987
1398986
1398985
1398984
1398983
1398982
1398981
1398980
1398979
1398978
1398977
1398976
1398975
1398974
1398973
1398972
1398971
1398970
1398969
1398968
1398967
1398966
1398965
1398964
1398963
1398962
1398961
1398960
1398959
1398958
1398957
1398956
1398955
1398954
1398953
1398952
1398951
1398950
1398949
1398948
1398947
1398946
1398945
1398944
1398943
1398694
1398336
1398335
1398333
1398332
1398328
1398327
1398320
1398311
1398308
1398306
1398305
1398301
1398299
1397525
1397514
1397513
1397489
1397442
1397113
1396837
1396822
1395888
1394851
1392793
1392792
1392791
1392790
1392767
1392540
1391912
1391548
1391239
1391209
1391208
1391207
1391133
1390508
1390354
1389642
1389343
1388759
1386974
1386935
1386934
1386787
1386768
1385437
1384495
1384462
1383224
1381744
1381743
1380626
1380368
1380315
1380120
1379975
1379974
1379973
1379972
1379918
1379865
1378154
1378117
1372723
1370126
1368357
1367642
1367630
1367584
1367464
1366827
1365911
1365910
1365909
1365908
1365792
1365791
1365790
1365789
1365724
1365435
1365173
1359874
1359773
1359537
1359522
1359505
1359494
1359490
1358412
1357985
1357156
1356865
1355661
1354979
1354769
1354303
1354086
1353953
1353941
1353477
1353418
1353052
1352417
1351817
1351341
1351340
1351339
1351338
1351337
1351336
1351335
1351334
1351333
1351332
1351331
1351330
1351329
1351328
1351327
1351326
1351325
1351324
1350559
1350558
1350557
1350556
1350555
1350554
1350553
1350552
1350551
1349824
1349775
1349714
1349696
1348841
1348770
1348511
1348510
1348049
1347792
1347725
1347156
1346793
1346792
1345719
1345718
1345717
1345490
1345489
1344821
1344777
1344774
1344752
1344395
1344394
1344393
1344090
1344084
1344083
1343580
1343579
1343075
1343074
1343073
1343072
1343071
1342888
1342337
1341683
1341679
1341601
1341600
1341589
1341588
1341550
1341476
1340725
1340724
1340720
1340719
1340176
1340175
1340174
1339229
1339206
1338447
1338446
1338445
1338444
1338441
1336961
1336960
1336959
1336005
1336004
1336003
1336002
1336001
1336000
1335999
1335998
1335997
1335996
1335995
1335994
1335993
1335992
1335991
1335990
1335989
1335988
1335987
1335986
1335985
1335984
1335983
1335982
1335981
1335980
1335979
1335978
1335977
1335976
1335975
1335974
1335973
1335972
1335971
1335970
1335969
1335968
1335773
1334111
1333358
1333357
1333324
1332798
1332662
1332387
1332386
1332385
1331999
1331995
1331874
1331666
1331665
1331590
1331365
1331364
1331363
1331362
1331361
1331360
1331359
1331115
1330038
1329770
1329769
1329768
1329767
1329218
1329113
1328922
1328487
1327793
1327040
1326897
1326896
1324872
1324871
1324870
1324869
1324779
1324716
1324630
1324402
1324350
1324156
1324047
1324008
1323993
1323420
1323355
1323254
1323253
1322291
1322289
1322167
1321641
1319973
1319972
1319971
1319970
1319969
1319968
1319967
1319966
1319965
1319964
1319963
1319962
1319961
1319960
1319959
1319958
1319957
1319956
1319955
1319953
1319952
1319951
1319944
1319941
1319940
1319939
1319938
1319937
1319936
1319933
1319932
1319931
1319930
1319927
1319926
1319924
1319923
1319920
1319919
1319918
1319915
1319914
1319913
1319910
1319909
1319908
1317667
1317142
1317015
1317014
1317013
1316765
1316764
1316748
1315235
1315234
1315233
1315232
1315231
1315230
1315229
1315228
1315185
1315184
1315183
1315182
1315181
1315180
1315179
1315178
1315177
1315176
1315175
1315174
1315173
1315172
1315171
1315170
1315169
1315168
1315167
1315166
1315165
1315164
1315163
1315162
1315161
1315160
1315159
1315158
1315157
1315156
1315155
1315154
1315153
1315152
1315151
1315150
1315149
1315148
1315147
1315146
1315145
1315144
1315143
1315142
1315141
1315140
1315139
1315138
1315137
1315136
1315135
1315134
1315011
1315010
1315009
1313276
1313275
1312674
1312179
1311824
1311823
1311822
1311817
1311816
1311804
1311774
1311767
1311766
1311765
1311345
1311344
1311250
1311249
1311248
1311247
1311246
1311245
1311244
1311243
1311242
1311241
1311240
1311239
1311238
1311237
1311236
1311235
1311234
1311233
1311232
1311231
1311230
1311229
1311228
1311227
1311226
1311225
1311224
1311223
1311222
1311221
1311220
1311219
1311218
1311217
1311216
1311215
1311214
1311213
1311212
1311211
1311210
1311209
1311208
1311207
1311206
1311205
1311204
1311203
1311202
1311201
1311200
1311199
1311198
1311197
1311196
1311195
1311194
1311193
1311192
1311191
1311190
1311189
1311188
1311187
1311186
1311185
1311184
1311183
1311182
1311181
1311180
1311179
1311178
1311177
1311176
1311175
1311174
1311173
1311172
1311171
1311170
1311169
1311168
1311167
1311166
1311165
1311164
1311163
1311162
1311161
1311160
1311159
1311158
1311157
1311156
1311155
1311154
1311153
1311152
1311151
1311150
1311149
1311148
1311147
1311146
1311145
1311144
1311143
1311142
1311141
1311140
1311139
1311138
1311137
1311136
1311135
1311134
1311133
1311132
1311131
1311130
1311129
1311128
1311127
1311126
1311125
1311124
1311123
1311122
1311121
1311120
1311119
1311118
1311117
1311116
1311115
1311114
1311113
1311112
1311111
1311110
1311109
1311108
1311107
1311106
1311105
1311104
1311103
1311102
1311101
1311100
1311099
1311098
1311097
1311096
1311095
1311094
1311093
1311092
1311091
1311090
1311089
1311088
1311087
1311086
1311085
1311084
1311083
1311082
1311081
1311080
1311079
1311078
1311077
1311076
1311075
1311074
1311073
1311072
1311071
1311070
1311069
1311068
1311067
1311066
1311065
1311064
1311063
1311062
1311061
1311060
1311059
1311058
1311057
1311056
1311055
1311054
1311053
1311052
1311051
1311050
1311049
1311048
1311047
1311046
1311045
1311044
1311043
1311042
1311041
1311040
1311039
1311038
1311037
1311036
1311035
1311034
1311033
1311032
1311031
1311030
1311029
1311028
1311027
1311026
1311025
1311024
1311023
1311022
1311021
1311020
1311019
1311018
1311017
1311016
1311015
1311014
1311013
1311012
1311011
1311010
1311009
1311008
1311007
1311006
1311005
1311004
1311003
1311002
1311001
1311000
1310999
1310998
1310997
1310996
1310995
1310994
1310993
1310992
1310991
1310990
1310989
1310988
1310987
1310986
1310985
1310984
1310983
1310982
1310981
1310980
1310979
1310978
1310977
1310976
1310975
1310974
1310973
1310972
1310971
1310970
1310969
1310968
1310967
1310966
1310965
1310964
1310963
1310962
1310961
1310960
1310959
1310958
1310957
1310956
1310955
1310954
1310953
1310952
1310951
1310950
1310949
1310948
1310947
1310946
1310945
1310944
1310943
1310942
1310941
1310940
1310939
1310938
1310937
1310936
1310935
1310934
1310933
1310932
1310931
1310930
1310929
1310928
1310927
1310926
1310925
1310924
1310923
1310922
1310921
1310920
1310919
1310918
1310917
1310916
1310915
1310914
1310913
1310912
1310911
1310910
1310909
1310908
1310907
1310906
1310905
1310904
1310903
1310902
1310901
1310900
1310899
1310898
1310897
1310896
1310895
1310894
1310893
1310892
1310891
1310890
1310889
1310888
1310887
1310886
1310885
1310884
1310883
1310882
1310881
1310880
1310879
1310878
1310877
1310876
1310875
1310874
1310873
1310872
1310871
1310870
1310869
1310868
1310867
1310866
1310865
1310864
1310863
1310862
1310861
1310860
1310859
1310858
1310857
1310856
1310855
1310854
1310853
1310852
1310851
1310850
1310849
1310848
1310847
1310846
1310845
1310844
1310843
1310842
1310841
1310840
1310839
1310838
1310837
1310836
1310835
1310834
1310833
1310832
1310831
1310830
1310829
1310828
1310827
1310826
1310825
1310824
1310823
1310822
1310821
1310820
1310819
1310818
1310817
1310816
1310815
1310814
1310813
1310812
1310811
1310810
1310809
1310808
1310807
1310806
1310805
1310804
1310803
1310802
1310801
1310800
1310799
1310798
1310797
1310796
1310795
1310794
1310793
1310792
1310791
1310790
1310789
1310788
1310787
1310786
1310785
1310784
1310783
1310782
1310781
1310780
1310779
1310778
1310777
1310776
1310775
1310774
1310773
1310772
1310771
1310770
1310769
1310768
1310767
1310766
1310765
1310764
1310763
1310762
1310761
1310760
1310759
1310758
1310757
1310756
1310755
1310754
1310753
1310752
1310751
1310750
1310749
1310748
1310747
1310746
1310745
1310744
1310743
1310742
1310741
1310740
1310739
1310738
1310737
1310736
1310735
1310734
1310733
1310732
1310731
1310730
1310729
1310728
1310727
1310726
1310725
1310724
1310723
1310722
1310721
1310720
1310719
1310718
1310717
1310716
1310715
1310714
1310713
1310712
1310711
1310710
1310709
1310708
1310707
1310706
1310705
1310704
1310703
1310702
1310701
1310700
1310699
1310698
1310697
1310696
1310695
1310694
1310693
1310692
1310691
1310690
1310689
1310688
1310687
1310686
1310685
1310684
1310683
1310682
1310681
1310680
1310679
1310678
1310677
1310676
1310675
1310674
1310673
1310672
1310671
1310670
1310669
1310668
1310667
1310666
1310665
1310664
1310663
1310662
1310661
1310660
1310659
1310658
1310657
1310656
1310655
1310654
1310653
1310652
1310651
1310650
1310649
1310648
1310647
1310646
1310645
1310644
1310643
1310642
1310641
1310640
1310639
1310638
1310637
1310636
1310635
1310634
1310633
1310632
1310631
1310630
1310629
1310628
1310627
1310626
1310625
1310624
1310623
1310622
1310621
1310620
1310619
1310618
1310617
1310616
1310615
1310614
1310613
1310612
1310611
1310610
1310609
1310608
1310607
1310606
1310605
1310604
1310603
1310602
1310601
1310600
1310599
1310598
1310597
1310596
1310595
1310594
1310593
1310592
1310591
1310590
1310589
1310588
1310587
1310586
1310585
1310584
1310583
1310582
1310581
1310580
1310579
1310578
1310577
1310576
1310575
1310574
1310573
1310572
1310571
1310570
1310569
1310568
1310567
1310566
1310565
1310564
1310563
1310562
1310561
1310560
1310559
1310558
1310557
1310556
1310555
1310554
1310013
1309795
1309425
1308727
1308537
1307981
1307980
1306641
1306640
1306514
1306513
1306493
1306158
1306025
1306024
1305842
1305587
1304126
1304125
1304109
1304108
1304090
1304033
1304032
1303920
1303904
1303874
1303598
1302756
1301916
1301662
1301661
1301660
1301659
1301658
1301657
1301656
1301655
1301654
1301642
1301620
1301619
1301618
1301617
1301616
1301615
1300863
1300795
1300792
1300791
1300790
1300788
1300761
1300743
1300617
1300598
1300580
1300575
1300573
1300565
1300564
1300559
1300555
1300549
1300548
1300452
1300379
1300378
1300377
1300231
1300177
1298610
1298609
1298608
1298607
1294987
1294599
1293703
1293702
1293701
1293700
1293699
1293698
1293645
1293574
1291576
1291572
1291571
1291570
1291569
1291372
1290699
1288987
1288986
1288985
1288984
1288983
1288982
1288392
1287459
1287367
1287366
1287365
1286197
1285921
1285584
1284665
1283848
1283847
1283325
1283324
1283323
1283113
1283112
1282406
1282165
1282164
1282163
1282162
1282161
1282160
1282159
1282158
1282157
1282156
1282155
1282154
1282153
1282152
1281483
1281477
1281476
1280839
1280371
1280367
1280279
1280052
1279084
1279013
1278542
1278541
1278540
1278539
1278538
1278070
1277650
1277465
1277464
1277463
1277462
1277461
1277460
1276933
1276596
1276595
1276510
1274626
1273306
1273282
1271536
1270326
1270036
1270035
1270034
1270033
1270025
1270022
1268810
1268273
1268272
1268033
1268028
1267989
1267984
1267983
1267953
1267952
1267951
1267935
1267778
1267777
1267776
1267775
1267774
1267773
1267567
1267280
1267279
1267278
1267172
1267171
1266710
1266708
1266702
1266694
1265579
1265578
1265577
1265576
1265575
1265574
1264593
1264064
1264063
1264062
1264061
1264060
1264059
1264058
1264057
1264056
1264055
1264054
1264053
1263956
1263955
1262690
1262585
1262560
1260536
1259983
1259637
1258822
1258821
1258820
1258816
1257447
1257446
1257445
1257043
1256888
1256887
1256779
1256778
1256777
1256776
1256775
1256774
1256773
1256772
1256698
1256697
1256511
1255992
1255682
1255681
1255647
1255624
1255614
1255605
1255581
1255237
1255236
1254630
1254629
1254628
1254627
1254626
1254625
1254624
1254623
1254622
1254621
1254620
1254619
1254618
1254617
1254616
1254615
1254614
1254613
1254612
1254611
1254610
1254609
1254608
1254607
1254397
1254396
1254395
1254394
1254393
1254392
1254391
1254390
1254389
1254388
1254387
1254386
1254385
1254384
1254383
1254382
1254381
1254380
1254379
1254378
1254377
1254376
1254375
1254374
1254373
1254372
1254371
1254370
1254369
1254368
1254367
1254366
1254365
1254364
1254363
1254362
1254361
1254360
1254359
1254358
1254357
1254356
1254355
1254354
1254353
1254352
1254351
1254350
1254349
1254348
1254347
1254346
1254345
1254344
1254343
1254342
1254341
1254340
1254339
1254338
1254337
1254336
1254335
1254334
1254333
1254332
1254331
1254330
1254329
1254328
1254327
1254326
1254325
1254324
1254323
1254322
1254321
1254320
1254319
1254318
1250419
1250418
1250417
1249203
1249202
1248975
1247822
1247821
1247820
1247819
1247818
1247817
1247548
1246538
1246537
1246215
1245519
1245479
1245136
1244887
1244867
1243926
1243915
1243914
1243892
1243636
1243062
1242245
1241639
1241638
1241637
1241636
1241635
1241634
1241633
1241632
1241631
1241313
1241310
1241309
1239755
1239753
1239745
1239741
1238671
1238670
1238669
1238473
1236608
1236571
1236044
1235833
1235260
1234707
1234706
1234002
1233986
1233477
1233307
1232759
1232758
1232757
1232756
1232755
1232684
1232464
1232221
1231833
1231580
1230837
1230836
1230835
1230834
1230585
1230338
1229478
1229165
1228959
1226992
1226973
1226749
1226327
1226326
1224952
1224951
1224950
1224914
1224911
1224910
1224909
1224747
1224607
1224297
1224280
1224235
1224166
1224165
1224141
1223564
1223508
1223506
1222956
1222955
1222033
1222032
1222031
1221983
1221969
1221968
1221967
1221966
1221965
1221964
1221963
1221962
1221961
1221960
1221959
1221958
1221957
1221956
1221955
1221954
1221953
1221921
1221311
1221310
1221309
1221308
1221307
1221306
1221304
1221303
1221302
1221301
1221300
1221299
1221298
1221297
1221296
1221295
1221294
1221293
1221292
1221291
1221290
1221289
1221288
1221287
1221286
1221285
1221284
1221283
1221282
1221281
1221280
1221279
1221278
1221277
1221276
1221275
1221274
1221273
1221272
1221271
1221270
1221269
1221268
1221267
1221266
1221265
1221264
1221263
1221262
1221261
1221260
1221259
1221258
1221257
1221256
1221255
1221254
1221253
1221252
1221251
1221250
1221249
1221248
1221247
1221246
1221245
1221244
1221225
1220505
1219532
1219383
1219382
1218823
1218822
1218821
1218820
1218819
1218818
1218817
1218816
1218481
1218376
1217988
1217986
1217985
1217827
1217716
1217715
1217714
1217712
1217711
1217710
1217709
1217708
1217707
1217706
1217705
1217704
1217703
1217702
1217701
1217699
1217698
1217697
1217694
1217692
1217691
1217690
1217689
1217688
1217677
1217676
1217675
1217674
1217673
1217671
1217670
1217669
1217668
1217666
1217665
1217664
1217663
1217662
1217660
1217659
1217658
1217657
1217656
1217655
1217654
1217653
1217652
1217651
1217649
1217648
1217647
1217646
1217645
1217644
1217643
1217642
1217641
1217640
1217639
1217638
1217637
1217636
1217635
1217634
1217633
1217632
1217631
1217630
1217629
1217628
1217627
1216295
1216267
1216266
1216265
1214786
1214142
1211627
1211328
1211228
1211227
1211226
1211225
1210907
1209374
1209355
1208880
1208746
1206417
1204690
1204689
1204688
1204687
1204686
1204685
1204684
1204386
1203370
1203255
1203253
1203252
1202745
1202744
1202720
1200436
1200435
1200434
1200433
1200432
1200431
1200430
1200429
1200428
1200427
1200426
1200425
1200424
1200423
1200422
1200421
1200420
1200351
1200350
1198992
1198108
1197884
1197714
1197157
1196382
1196381
1195768
1195746
1194033
1193694
1193634
1193134
1193133
1193132
1192067
1192066
1192065
1192064
1192036
1192035
1191677
1191460
1191045
1191044
1191043
1189312
1186938
1185772
1185771
1185770
1185769
1185768
1185347
1185331
1185330
1183655
1183654
1183653
1183652
1183651
1183650
1183649
1183648
1183647
1183646
1183645
1183644
1183643
1183642
1183641
1183155
1182652
1181723
1181706
1180454
1180453
1180452
1180451
1180450
1180449
1180448
1180447
1180446
1180445
1180444
1180443
1180442
1180441
1180440
1180439
1180438
1180437
1180436
1180435
1180434
1180433
1180432
1180431
1180430
1180429
1180428
1180427
1180426
1180425
1180424
1180423
1180422
1180421
1180420
1180419
1180418
1180417
1179242
1179096
1179095
1179094
1179093
1179092
1179091
1179090
1179089
1179088
1179087
1179086
1179085
1179084
1179083
1179082
1179081
1179080
1178444
1177938
1177697
1177696
1176870
1176523
1176322
1175547
1173499
1173062
1172879
1172878
1172877
1172596
1172495
1172494
1172493
1172492
1172491
1172320
1172319
1172318
1172309
1172232
1172231
1172230
1172229
1171525
1170567
1169980
1169979
1169594
1169542
1168592
1168591
1168590
1168589
1168588
1168021
1167728
1166488
1166487
1166066
1166065
1165641
1165640
1165434
1165121
1165120
1165119
1165118
1165117
1165116
1165115
1165114
1165113
1165112
1165111
1165110
1165109
1164890
1164889
1164888
1164887
1164886
1164885
1164476
1164475
1164474
1164473
1164472
1164471
1164335
1164334
1164333
1164332
1164331
1164330
1164329
1164328
1164327
1164326
1164325
1164324
1164323
1164322
1164321
1163803
1163802
1163801
1163800
1163799
1163798
1163797
1163796
1163795
1163794
1163793
1163619
1163430
1163064
1162934
1162107
1162106
1162105
1162104
1162103
1162102
1162062
1162041
1162040
1160959
1160954
1160709
1159344
1159343
1159342
1158417
1158383
1158382
1156626
1156625
1156624
1156623
1156253
1155063
1154612
1154604
1151796
1151601
1151600
1151599
1151598
1151025
1150813
1150422
1150421
1150363
1150160
1150159
1149684
1149683
1149135
1148157
1147132
1147131
1146914
1145031
1144678
1144674
1144673
1144672
1144671
1144670
1144669
1144668
1144667
1144666
1144665
1144664
1144663
1144662
1144661
1144528
1144526
1144231
1143312
1142337
1142284
1142283
1142282
1142281
1142280
1142279
1142278
1142042
1138783
1138312
1138311
1138310
1138309
1138260
1138259
1138258
1138157
1137798
1137797
1137796
1137795
1137794
1137793
1137792
1137791
1137790
1137789
1137788
1137787
1137786
1137304
1137303
1137220
1136266
1136265
1136264
1136146
1134893
1134845
1134844
1134441
1133606
1133520
1132293
1131990
1131989
1131988
1131987
1131986
1131985
1131984
1131983
1131982
1131981
1131980
1131979
1131978
1131977
1131976
1131975
1131974
1131973
1131972
1131971
1131970
1131969
1131968
1131967
1131966
1131965
1131964
1131963
1131962
1131961
1131960
1131959
1131153
1131152
1130803
1128984
1127558
1127485
1127482
1125586
1124008
1124007
1123778
1123777
1123034
1123033
1122246
1122245
1122244
1122243
1120977
1120929
1120928
1120927
1120926
1120925
1120924
1120736
1120735
1120624
1120365
1120364
1120363
1120362
1118446
1118445
1118438
1118437
1118436
1118435
1118434
1118433
1118432
1118138
1118137
1118096
1118095
1117078
1117057
1117055
1117053
1117052
1117051
1116236
1116235
1116234
1116233
1114571
1114447
1114428
1113915
1113711
1113710
1113709
1113708
1113707
1113706
1113656
1113655
1112209
1110641
1110620
1110619
1110618
1110617
1110616
1110615
1110549
1109626
1109218
1109217
1109216
1108992
1107460
1107459
1107458
1107457
1105331
1104713
1101454
1101453
1100847
1100846
1100845
1100844
1100843
1100842
1100841
1100727
1097708
1097368
1097367
1097349
1096997
1096996
1096995
1096779
1096759
1096755
1096603
1096345
1096317
1096282
1096279
1096278
1096242
1095922
1095513
1094488
1094487
1094486
1094485
1094484
1094483
1094482
1094481
1094480
1094479
1094478
1094477
1094476
1094475
1094474
1094473
1094472
1094471
1094470
1094469
1091563
1090850
1090848
1090847
1090846
1090843
1090840
1090839
1090837
1090835
1090834
1090833
1090832
1090831
1090830
1090829
1090824
1090821
1090820
1090819
1090818
1090817
1090816
1090815
1090813
1090811
1090809
1090552
1090551
1090550
1090078
1090077
1090041
1089789
1089785
1089784
1089169
1087414
1087413
1087412
1087230
1086698
1086668
1086015
1086014
1085798
1085797
1085753
1085752
1085751
1085750
1085749
1085396
1084532
1082934
1082487
1082486
1082485
1081874
1081436
1081435
1081404
1081115
1081114
1081113
1081112
1079239
1077255
1077175
1074302
1074300
1074299
1074236
1073849
1073532
1072656
1072654
1072653
1072652
1072644
1072334
1072263
1072109
1072108
1071848
1071843
1071842
1071793
1071792
1071684
1071683
1071589
1071390
1071176
1070980
1070105
1070088
1069922
1069921
1069920
1069919
1056755
1056508
1056507
1055816
1055815
1055814
1055813
1055812
1055811
1055810
1055809
1055808
1055807
1055806
1055223
1055038
1054465
1054101
1054038
1053457
1053456
1053455
1052650
1052649
1052648
1052647
1052646
1052645
1052644
1052643
1052642
1052641
1052640
1052639
1052638
1052618
1052617
1052616
1052615
1052614
1052613
1052612
1052611
1052610
1052609
1052608
1052607
1052606
1052605
1052552
1052241
1052043
1051850
1051623
1051622
1051612
1051602
1051601
1051600
1050994
1050993
1050992
1050181
1049481
1049480
1049473
1049214
1049213
1048693
1048692
1048385
1048298
1048297
1048296
1048295
1048294
1048293
1048292
1046625
1043490
1043487
1043483
1043481
1043480
1043479
1043477
1043475
1043474
1042259
1042114
1042113
1042105
1042104
1042103
1042083
1042082
1042081
1042080
1042079
1042078
1041758
1041757
1041361
1041307
1041133
1040728
1040575
1040574
1040573
1038920
1038901
1038512
1038511
1038028
1037481
1036708
1036696
1036695
1036694
1036693
1036692
1036691
1036690
1036689
1036688
1035918
1035889
1035617
1035612
1035597
1035596
1035318
1035317
1035294
1035293
1035292
1035243
1035242
1034543
1034542
1034541
1032315
1031593
1031575
1031574
1031573
1031572
1031421
1031420
1031419
1031418
1031417
1031416
1031415
1031414
1030305
1030270
1030089
1029872
1029823
1029596
1029559
1028669
1028422
1028421
1028420
1028419
1028418
1028417
1028416
1028415
1028414
1028413
1028412
1028411
1028410
1028409
1027751
1027474
1027473
1027472
1026861
1026807
1017342
1016996
1016995
1016994
1016993
1016992
1016991
1016990
1016989
1016988
1016971
1016970
1009372
1009371
1008456
1007241
1007136
1007135
1007134
1007133
1007132
1007131
1007130
1007129
1006154
1005146
1005145
1005144
1005143
1005142
1005141
1005140
1005139
1005138
1005137
1005136
1005135
1005134
1005133
1005132
1005131
1005130
1005129
1005128
1005127
1005126
1005125
1005124
1005123
1005122
1005121
1005120
1005119
1005118
1005117
1005116
1005115
1005114
1005113
1005112
1005111
1005110
1005109
1005108
1005107
1005106
1004538
1004537
1004536
1003118
1003117
1002640
1002639
1002638
1002339
1001564
1001164
1001163
1000276
1000275
1000274
998609
998159
997402
996947
994872
994528
993494
993067
992405
992404
992403
992402
992295
991790
990146
988721
988720
988719
988718
988717
988716
988715
988714
988713
988712
988711
988710
988709
988708
988707
988706
988705
988704
988703
988702
988701
988700
988699
988698
988697
986275
986274
986273
986272
986271
986270
986135
985763
985266
985259
985216
984096
983843
983712
981599
981598
981336
981334
981333
981332
981331
981329
981328
981327
981326
981325
981324
980514
979640
979639
979142
979093
979092
978076
978075
978074
978073
978072
978071
978070
978069
978068
978067
978066
978065
978064
977762
948629
948628
948619
948607
948583
948582
948522
948499
948497
948495
948075
947920
947822
947687
947686
947450
947449
947448
947447
947446
947445
947444
947443
947442
947441
947344
947017
947016
947015
946978
946977
946712
946349
946165
946164
946060
946040
946039
946038
946037
945915
945900
945556
945555
945440
944875
944873
944871
944870
944869
944864
944534
944523
944520
944317
943411
943310
942517
942516
942515
941875
938413
938158
937618
937617
937616
937615
937611
937533
937532
937531
937530
937061
937060
937059
937058
936544
936543
936542
936541
936540
936539
936538
936537
936536
936535
936534
936533
936347
936210
936200
935219
934695
934693
934692
934691
934682
934681
934646
934645
934599
934589
934578
934345
934151
934150
934147
934130
933925
933803
933799
933408
933407
933406
933265
933264
933263
932800
932799
932655
932654
932653
930508
930438
930437
930436
930435
930084
929198
929197
928574
928573
928572
928571
928570
928569
928568
928567
928566
928565
928564
928563
928562
928561
928560
928559
928558
928557
928556
928555
928554
928553
928552
928551
928550
928549
928548
928547
928546
928545
928544
928543
928542
928541
928540
928539
928538
928537
928536
928535
928534
928533
928532
928531
928530
928529
928528
928527
927193
926672
926671
926632
926358
925458
925456
925412
915469
915468
915467
915466
914935
914934
914933
914932
914308
913959
913776
913775
912769
912666
912633
912032
912031
912030
911971
911970
911969
911968
911967
911966
911641
911640
911639
911486
911484
911482
911471
911470
911453
911452
911451
911301
911300
911299
911137
910953
910745
910642
909768
909189
908955
908493
908492
908491
908490
908489
908488
908487
908486
907999
907659
907275
907176
907175
907174
907173
907172
904604
903945
903937
903936
903935
903934
903933
903932
903931
903930
903929
903928
903927
903926
903925
903924
903923
903922
903921
903920
903919
903918
903915
903914
903913
903912
903911
903910
903909
903908
903907
903906
903905
903904
903903
903902
903901
903900
903899
903898
903897
903896
903895
903894
903893
903892
903891
903890
903889
889786
889785
889738
889666
889665
889664
889663
889662
889661
889660
889659
889658
889657
889656
889655
889654
889653
889652
889651
889650
889649
889648
889647
889646
889645
889644
889643
889642
889641
889640
889639
889638
889637
889636
889635
889634
889633
889632
889631
889630
889629
889628
889627
889626
889625
889624
889623
889622
889621
889620
889619
889618
889617
889616
889615
889614
889613
889612
889285
889284
888929
888928
888927
888926
888925
888924
888923
888922
888921
888525
888437
888436
888394
888373
888344
888340
888339
887576
887575
887574
887554
887553
887552
887551
887550
887549
887548
887547
887546
887415
887414
887413
887412
887411
887410
886890
886889
886888
886887
886886
886482
885321
882952
882951
882649
882648
882647
882646
882645
882644
882643
882642
882641
882640
882639
882638
882357
882356
881968
879560
879143
879142
878773
878772
878771
878770
878769
878768
878767
878766
878765
875195
874395
872968
872069
872068
872067
871585
871537
871536
871233
871204
870894
870770
870507
870506
869997
869850
869849
869848
869847
869846
869845
869844
869843
869842
869841
869696
869618
869505
869295
869026
869025
869024
869023
868953
868952
868951
868950
868949
868948
868947
868478
868477
868473
868471
868469
868466
868462
868456
868455
868454
868448
868444
868443
868380
868367
868366
868356
868352
867619
867618
867617
867616
867615
867614
867613
867612
867562
867147
866921
866799
866703
866702
866636
865759
865758
864759
864757
864756
864096
864095
864094
864093
864092
864091
864090
863933
863927
863926
863593
862371
861547
861445
861221
861220
861219
860838
859293
859292
857581
857580
857579
857578
857577
857576
857575
857574
857573
857572
857571
857289
838338
804967
804966
797725
797548
795472
792660
767675
766105
766103
765840
765835
764360
763033
761720
761719
761718
761717
761716
761715
761714
761713
760259
760025
759652
759366
759365
758673
758672
758671
758645
758608
758607
758606
757446
756892
756705
756413
756294
756293
756292
756103
756088
755133
755130
755073
755072
755071
755070
755069
755068
755067
755066
755057
754924
754923
754245
754244
753778
753777
753776
753714
753512
753102
752244
749733
749732
749219
748120
747777
747607
747606
747591
747590
746862
746857
746856
746855
746854
746509
745388
745220
745219
745218
745135
745134
745133
745132
745131
745120
744976
744969
744953
744952
744951
744950
744946
744945
744943
744942
744941
744935
744932
744931
744930
744928
744927
744925
744922
744921
744917
744915
743974
743741
742719
741707
741107
741106
741105
741104
741103
741102
741101
741100
741099
732278
728196
728195
728190
728189
728183
728061
728028
728027
728026
728025
723303
720608
718374
718349
718306
717554
716996
716995
715944
715299
715149
714966
713620
713005
712115
712114
712113
712112
712111
712110
712109
712108
712107
712106
712105
712104
710648
710645
710096
710095
710094
707565
707232
707196
707195
707194
707001
707000
706990
706989
706541
706384
703527
702387
702386
702176
702175
702174
701277
701276
701047
700908
700907
700906
699327
699326
698719
697345
697344
696749
694192
692989
690581
690580
690579
690431
690413
690163
689734
687920
686797
686779
686261
686260
686259
685505
685504
685173
685172
684332
684061
684060
682993
682992
682991
682990
682989
682899
682898
682897
682896
682894
682892
682891
682889
682887
682885
682704
681710
681615
681614
681613
681612
681611
681610
681301
680409
680408
680407
679006
678754
678753
675837
675641
675221
675220
675219
675218
675217
675216
675215
675155
675097
674283
674282
674281
674280
674279
674278
674148
674035
673547
673546
673545
673544
672006
672005
672004
670027
669466
669290
669097
668809
665778
665777
665741
665101
664796
664795
664794
664424
664423
664422
664421
663568
663437
663436
663435
663434
663433
663432
663431
663430
663429
663428
663427
663426
663425
663424
663423
663422
663421
663420
663419
663418
663417
663048
663040
663039
662094
661425
661424
660536
660535
660534
660533
660532
660531
660523
659704
659703
659702
659701
659700
659699
659530
658519
658518
658236
657283
655259
655258
655257
654882
654881
654880
654879
654878
654877
654876
654875
654874
654873
654872
654871
654870
654869
654868
654867
654866
654418
654324
654001
654000
653494
653493
653492
653491
652090
651612
651611
651610
651305
651180
651179
651145
651144
650936
650402
649969
649968
649967
649966
649965
649964
649963
649316
649315
649314
649266
649265
649264
649263
649174
648740
648739
648195
647881
647880
647863
647705
647704
647649
645746
645471
645469
645304
645288
644441
642984
642172
642171
641547
641545
641544
641506
641269
641268
640470
640191
639020
638283
638265
637734
637733
637732
637731
635202
634862
634861
634860
634859
634816
634812
634811
634808
634805
634803
634802
634492
634470
634250
634109
633808
633805
632955
632938
632937
632093
631364
631143
630780
630779
630778
630777
630776
630775
630774
630773
630772
630771
630770
630769
630768
630767
630766
630765
630518
627703
627620
627455
627190
627186
626474
626473
626472
626471
626470
626469
626468
626467
626375
624092
624043
624042
624041
624040
624039
624038
624037
624036
624035
624034
624033
621232
620956
620913
619773
619771
619592
614213
611330
610122
608498
608497
607696
603283
600639
599686
599685
599684
599683
599682
599681
599680
599679
599678
599677
599676
596318
596119
596117
596116
596115
595670
595669
595592
595555
593577
593576
593487
593103
593102
593101
593100
593099
593098
593097
593096
592572
592571
592570
592569
592568
592567
592566
592014
591925
591907
591906
591165
591164
590796
590603
589490
588970
588969
588853
588528
588527
588526
588525
588524
588523
588522
588488
588487
588486
588485
588484
588243
588227
588165
588164
588163
588162
588161
588160
588159
588158
588131
587342
587341
587307
587306
587292
585275
585245
585209
585208
585207
584782
584781
584780
583354
583353
583282
583281
583280
583279
583278
582653
582652
582642
581190
580417
580416
580415
580414
579577
579576
579448
579447
578251
578250
578166
577614
575943
575942
575589
575588
575587
575586
575585
575584
575565
575564
574810
574612
574611
574568
574198
573983
573545
573544
573123
573068
572974
572505
572504
572266
571801
571800
570177
570176
570175
570174
569615
569614
569613
568776
568775
568626
566513
566512
566511
566510
566321
566320
565554
565553
565120
564883
564879
564755
564559
564558
564555
564554
564135
563205
563204
563203
563202
563201
563200
563143
562613
562603
562567
562554
562552
562550
562549
562548
562547
562543
561086
561085
561065
560093
560092
560091
557608
557601
557600
557300
556330
556329
556327
556176
556175
556136
555592
555312
554459
554343
554082
554081
554080
554041
553976
553975
553857
553856
553855
553854
553827
553826
553825
553824
553823
553822
553821
553820
553819
553818
553817
553816
553526
553525
553517
553422
553142
553095
553094
553093
551783
551302
551301
549303
549209
548797
548796
548795
548755
548605
548604
548603
548222
548170
546877
546876
546786
546763
546746
544309
541278
540971
540913
540509
540508
540500
539573
537689
537688
537687
537686
536641
536639
533323
532854
531178
530905
530566
527954
527202
526964
526963
526962
525868
525573
525568
525244
525243
525242
523591
523572
522062
522061
522060
522059
522058
522057
522056
522055
522054
522053
522052
522051
522050
522049
522048
522047
522046
522045
522044
522043
522042
521479
521472
521288
521051
521049
520708
519418
519412
519411
518885
517469
517468
517467
517466
517440
517439
517355
517168
515955
513137
513035
513024
512774
512033
511237
510339
510115
510114
509173
509171
509170
508177
508173
507675
507368
505846
505704
504611
504610
504609
504608
504020
504019
503956
503955
503683
503372
502889
502781
502187
501725
501724
501453
500329
499711
499130
498991
498990
498989
498988
498987
498986
498985
498954
498381
498380
498369
497978
497082
497081
497001
494426
494424
494416
493730
493578
492752
492685
492684
492673
492672
492671
492208
489937
489721
489622
489621
488740
488109
488108
488107
487316
487166
485547
485546
485545
485544
485543
485538
485100
485099
485098
485097
484999
484998
484997
484996
484995
484994
484993
484992
484991
484990
484989
484988
484987
484986
484985
484984
484983
484982
484981
484980
484979
484978
484977
484976
484975
484974
484973
484972
484971
484970
484969
484968
484967
484966
484965
484964
484963
484962
484961
484960
484959
484958
484957
484956
484955
484954
484953
484952
484951
484950
484949
484948
484947
484946
484945
484944
484943
484942
484941
484940
484939
484938
484937
484936
484935
484934
484933
484932
484931
484930
484929
484928
484927
484926
484925
484924
484923
484922
484921
484920
484919
484918
484917
484916
484915
484914
484913
484912
484911
484910
484909
484908
484907
484402
483930
483929
483928
483610
483279
483201
483173
483041
482468
481837
481781
481758
481757
481328
481148
480822
480821
480174
480173
480166
480119
479378
479377
479376
479375
479374
478764
478735
478730
478463
477710
477709
477708
477707
477706
477192
477191
477190
477189
477188
477187
477186
476280
476138
476137
476136
475701
475700
475699
475698
475666
475665
475631
474946
472162
472161
472104
472102
472100
470482
470453
470041
470039
468560
467095
466096
466092
466090
466088
465797
465748
464739
464310
464309
464308
464307
460273
460272
460271
460270
460269
459739
459721
459651
458822
458821
458820
458816
458263
458262
458201
458086
458085
458084
458069
457528
457527
456875
456860
456859
456858
456857
456856
456855
456854
456853
456852
456851
456850
456836
455673
455480
455426
455081
455080
455079
454250
454249
454248
454247
454246
454245
454244
454243
454227
454202
454042
454041
453384
450712
450711
449704
449703
449702
449701
449700
449699
449668
447697
447696
447680
447033
446664
446137
443742
443272
443271
443270
443242
443163
443148
443088
443087
442955
442503
442495
440568
440151
439701
439700
439365
439364
439337
439283
439282
438876
438439
438438
438437
438436
438435
438405
438404
438043
438039
437562
436912
436717
436394
436374
436373
436233
436120
436119
435821
435820
435819
435818
435554
435552
435547
435546
435522
435510
435509
435508
435502
434330
434329
434081
432375
430865
430675
429729
429584
429583
429144
427871
427827
427572
427571
427345
427344
427079
426616
426615
425039
425038
424818
424817
424713
424710
424705
423357
423356
421991
421990
421890
421129
421053
421052
421051
421050
421049
421048
421047
421046
421045
421044
420301
419915
419914
419599
419216
419215
419214
419213
419212
419211
419210
419209
419006
418748
418727
418638
418637
418633
418520
418508
418507
417601
417581
417573
416907
416906
416172
415950
415949
415948
415054
415052
415050
415045
415044
414691
414358
414032
414031
414030
414029
414028
414027
414026
414025
414024
414023
414022
414021
414020
413905
413530
413529
413528
413527
413526
413525
413524
413523
413522
413521
413520
413519
413518
413517
413516
413515
413514
413513
413512
413511
413510
413509
413508
411973
411968
410800
410731
410056
410044
410043
409991
409990
409989
409988
409850
409471
409337
408968
408583
408582
408578
408057
407921
407809
407235
407053
406565
406564
406385
406239
405717
405670
405416
405376
405373
405371
404274
403599
403598
402754
402753
402295
401992
401622
401467
401065
400667
400651
400453
400452
400451
400209
399429
399306
398792
398778
398777
398776
398775
398774
398769
398768
398699
398698
398697
398696
398360
398358
398201
398200
398196
398195
398194
398193
398192
398175
396688
396687
396686
396685
396684
396323
396229
396228
396227
396139
396138
396137
396136
395416
394907
394906
394905
394904
394346
394343
393023
393022
392317
392146
392145
392144
391375
391310
391143
389670
389283
389277
389276
388367
387425
387354
387353
387352
386896
386891
386506
386353
386352
386321
386320
386319
386318
386317
386316
386297
386296
386295
386294
383617
382696
382298
382221
380269
380268
380267
379656
379359
378781
378780
376935
376927
376814
376622
375468
375435
375297
375158
374868
374851
373928
373927
373922
373899
373151
372038
372037
369998
369997
369996
369995
369994
369993
369992
369991
369747
369060
368585
368584
368583
368579
368578
368576
368572
368570
368569
368567
368563
368562
368558
368557
368556
368554
368552
368551
368550
368528
368148
368147
368146
368145
368144
368143
368142
368124
367716
367543
367455
366399
366397
366324
364062
364061
363944
363943
363897
363674
363621
363577
363192
362913
362870
362552
362550
362546
362538
362457
362456
361433
361313
360821
360761
360743
360737
360736
360573
360572
360571
360570
360569
359056
359055
358723
358470
358228
358227
357669
357628
357533
354177
354176
354167
353793
353222
353221
353220
352405
351737
351735
351649
351601
351559
351548
351024
350823
350822
350821
350657
350656
350655
350654
350653
350652
350643
350640
350626
349869
349867
349866
349864
349862
349861
349857
349814
349797
349228
349227
349106
348621
348388
346665
346664
346466
346222
345688
345674
345665
345661
345660
345646
345405
344907
343619
343588
343418
343414
341763
341223
340969
339450
338937
338936
338935
338934
338832
337568
337487
337485
337483
337482
336754
335285
335284
334560
334543
334111
333028
333025
333018
333014
333012
333011
333010
333009
333007
332017
330922
330388
329664
328318
328309
328071
326292
326291
324637
321211
320854
320547
320545
320535
320527
320323
314740
314739
314738
314734
314733
314731
312680
312090
310951
310573
310572
309867
309499
309498
309497
309496
309495
309493
309492
309490
309404
307923
307922
307921
307920
307859
307858
307857
307856
307855
307854
307853
307852
307851
307850
307849
306683
306572
306325
305952
305951
303544
303215
303214
301818
301440
301437
301433
301428
299562
296599
296123
296115
296114
296113
296108
295483
295482
295448
295447
295446
295444
295426
295425
295424
295017
293671
293554
293442
293017
292734
292733
291713
291642
290558
290480
290453
290424
290421
290026
287516
286539
285943
285942
285936
282669
282668
281738
281376
281375
280932
280147
280146
280145
279837
279370
279078
278934
273798
273674
272916
269862
269856
269854
269851
269849
269843
269837
269835
269828
269817
269431
269266
269133
269132
269131
269070
268433
268432
268431
268430
268429
268428
268427
268426
268425
268424
267636
267336
267335
267334
267333
267332
267331
267328
267327
267326
267323
267322
267321
267320
267318
267316
267315
267314
267297
267294
265660
265089
263769
263768
263557
262668
262537
262536
261164
260435
260204
259536
259303
258715
257871
257495
256326
256325
255143
254761
254511
254510
254509
254067
254066
253812
253526
253525
253524
248918
248452
248451
248450
247475
247472
247459
247321
246276
245688
245198
245197
244251
243922
243830
241812
240841
239349
239348
236811
236081
235460
234101
232022
230146
229572
229571
229570
228654
228614
226532
225871
225870
225869
225868
225867
225866
225865
225864
225863
225862
225861
225856
225855
224867
223223
223222
223221
223220
223219
223218
223217
222991
222576
220628
219742
219741
219740
219739
219160
218960
218959
218958
218949
218607
218167
217181
216914
216913
215717
215610
215149
214943
214942
213884
212403
211900
211899
211898
209878
209875
209657
208968
208967
208580
208579
208578
208577
208576
208575
204280
204279
204276
203703
203479
202956
202955
202954
202952
202951
202950
202336
202326
202325
202324
202323
202322
201427
201425
200413
198481
198480
197183
196817
196816
196813
196812
196811
196810
196809
196808
196806
196179
196178
196018
195042
194982
194981
194927
194446
192995
192947
192946
192945
192905
192798
191545
191510
191296
190852
187283
186829
184606
182815
182145
181565
181564
180588
179010
175552
174230
174229
173966
172848
171666
171665
171435
168931
168930
168929
168109
168108
166380
166278
166277
166276
166275
166274
165433
164376
162456
161294
160971
156891
156739
155185
155184
155183
154999
154109
154108
152693
151679
151202
151198
147825
146485
146484
145296
145294
145292
144782
144781
141883
141701
136150
136149
136148
136146
136145
135835
135745
135744
135149
134534
134533
134509
134506
132930
132922
131521
131520
131519
129590
129589
127743
126516
126515
126514
125076
123710
123693
123614
123502
120323
120322
120321
120320
118958
118147
115719
114565
114560
114548
114546
113009
112002
109250
108981
108980
107673
107402
106654
106651
106649
106648
106646
106395
104379
101401
101400
98581
98580
90241
90240
90239
85086
81861
77152
77117
77116
76874
75925
75924
75662
75661
72608
72607
72569
70351
70350
70349
70348
70347
70346
68996
68995
68994
68992
68987
68326
68325
65059
62977
61312
60442
56847
56846
56845
56844
56843
56842
56841
56840
56839
56838
56837
56836
56835
56834
56833
56832
56831
56830
56811
56810
54513
54394
54393
52133
48296
45611
45610
40373
40216
40215
40214
34062
34061
34060
34059
29433
29432
29430
28090
498
497
480
479
478
477
476
475
474
472
471
470
469
468
