2984844
2976765
2973942
2967302
2967301
2967300
2967299
2963411
2963410
2963128
2963127
2923352
2878069
2838770
2823858
2823857
2823856
2813825
2813824
2810348
2801918
2780095
2767358
2742195
2726117
2725994
2699177
2699176
2698225
2685873
2683967
2683645
2636397
2518666
2499220
2498595
2483803
2283449
2269358
2269357
2048001
1965234
1952266
1946970
1937191
1937190
1897009
1822367
1822366
1819568
1784823
1784822
1774934
1774933
1774932
1774931
1774930
1774929
1761715
1761714
1749074
1704554
1671259
1671258
1671257
1667028
1667027
1664275
1650674
1623452
1623451
1612150
1549658
1549657
1549656
1528105
1525752
1524337
1515443
1515442
1515441
1494318
1448135
1448132
1446495
1427984
1415781
1415773
1408476
1408469
1408468
1408466
1408465
1408464
1408463
1408462
1408461
1408460
1408459
1408458
1408457
1408456
1403316
1397850
1393123
1337388
1337387
1335914
1331996
1321614
1318619
1318618
1316930
1312741
1292033
1278300
1267001
1266999
1264554
1263951
1263950
1263949
1263948
1263947
1263946
1263945
1263944
1263943
1263942
1263941
1262908
1262907
1262906
1262905
1262904
1259813
1257087
1246955
1237870
1212765
1202445
1202444
1202443
1202442
1202441
1202440
1202439
1202438
1202437
1202436
1202435
1202434
1198041
1197325
1188259
1188258
1188255
1188251
1188248
1188246
1188244
1188243
1188242
1188241
1188240
1188239
1188238
1188237
1188236
1188235
1179777
1176433
1173479
1170867
1161917
1161916
1161915
1161914
1151554
1148512
1141104
1131455
1131454
1131453
1131452
1130048
1130047
1129369
1124992
1122249
1122248
1118964
1118278
1118277
1118276
1118275
1118274
1118273
1118272
1118271
1118270
1118269
1118268
1118267
1118266
1118265
1118264
1118263
1118262
1118261
1118260
1118259
1118258
1118257
1118256
1118255
1118254
1118253
1118252
1118251
1118250
1118249
1118248
1118247
1118246
1118245
1118244
1118243
1118242
1118241
1118240
1118239
1117644
1116213
1116211
1111676
1110504
1081942
1042321
1037410
1035096
1034808
1032743
1032742
1004152
997765
984991
981354
956483
943945
941640
936139
927701
911524
911523
911522
911521
911520
911519
911518
911517
911516
911515
911514
911513
911512
907723
907287
887846
887845
880447
872331
871300
868339
868338
868337
866847
866846
866845
866629
865867
862259
859194
768700
767465
762824
762822
754517
754516
754515
754514
754513
754512
754503
747682
743971
743968
743967
743966
743965
717795
717794
717793
717792
717791
717790
717789
708615
708614
708248
699448
699447
699446
699445
699444
699443
699442
699441
699440
699439
689816
656088
655014
655013
655012
645422
644625
644624
644623
640330
640329
640029
637387
634997
634996
633488
633487
633486
633485
633484
626096
626095
577467
577466
577465
577363
577362
577361
577360
573979
572263
568784
565575
561067
561066
550773
550748
550747
549720
549719
549718
547987
547986
538220
538218
538217
536372
529417
529416
529415
529414
529413
529412
526347
525886
519851
519849
519450
518603
515611
515609
515608
512752
512751
512750
512749
512748
512564
505682
503347
503346
502364
502363
497549
497548
496833
488178
478800
478799
478798
478797
478796
478795
478794
478793
478792
478791
478790
464088
458208
452658
451799
451798
436113
432608
427691
398174
394103
394102
386460
386413
386412
386335
367805
367804
367803
367802
367801
367800
367799
363696
363695
353852
353851
347258
347257
346879
341697
340047
326354
318487
300027
300026
297515
295596
295595
295358
293430
293429
292461
289397
273119
272635
272632
267748
263376
262723
262722
262719
247278
244584
243313
227185
220926
219290
209446
202904
202790
191287
181654
172711
171632
171629
171291
171290
171289
171288
171287
171286
171285
171284
171283
171282
171281
171280
171279
167967
167966
148815
142650
141391
136241
134821
114886
114885
114884
114883
114882
114881
114880
112247
108818
95668
95667
95666
95665
95664
95663
95662
95661
95660
95659
95658
95657
95656
94769
86660
76630
76629
71665
65123
63686
60452
57372
55966
55604
55603
53558
51365
51364
51362
50052
48003
47687
45362
45361
44101
44100
42096
42095
42094
42093
42092
40480
40479
40477
39047
38504
38500
36744
36743
36742
36741
35768
33923
33922
29562
29561
29558
29557
29556
29555
29553
29501
28903
2130
2129
2128
2127
2123
2120
2118
2117
2115
2113
2112
2110
2109
2108
2107
2106
2105
2103
2102
2101
2100
2099
2095
2094
2093
2092
