2971098
2962910
2920270
2911535
2911534
2911528
2911527
2911526
2911525
2911524
2911523
2899790
2874504
2866580
2866579
2866570
2860205
2856339
2844383
2839973
2839972
2839971
2839970
2839969
2839968
2839967
2839031
2827233
2822338
2820817
2820724
2799288
2782473
2778911
2778069
2774188
2770636
2732162
2732085
2730368
2685287
2679995
2679994
2647886
2645054
2644856
2642006
2641470
2639839
2639383
2637790
2629397
2629322
2626790
2625470
2621516
2617640
2609962
2585029
2585028
2585027
2585026
2585025
2585024
2585023
2585022
2585021
2585020
2585019
2585018
2582921
2573093
2558280
2517781
2301479
2185279
2138312
2138311
2094733
2094732
2094731
2094024
2094023
2093223
2093222
2081794
2070447
2070443
2067067
2067066
2039880
2039879
2030797
2025884
2015606
2015605
1979208
1970224
1968908
1960093
1960084
1938151
1936169
1936168
1924934
1920739
1920738
1913070
1908525
1908266
1908264
1908263
1908260
1908258
1908257
1907939
1906745
1906744
1872665
1872413
1867933
1862363
1859695
1859694
1858706
1857532
1855520
1855419
1823761
1823760
1796644
1755672
1739522
1739452
1739317
1739280
1739254
1715211
1715123
1699539
1699538
1699537
1679001
1662189
1661745
1659724
1654920
1649494
1649319
1649318
1649317
1648519
1648518
1648517
1648514
1628140
1608898
1608882
1607615
1604354
1581171
1577324
1577323
1577322
1524976
1524974
1524965
1524964
1521931
1521930
1520840
1520839
1520838
1520837
1520836
1520835
1520834
1520833
1520832
1520333
1514069
1513310
1465617
1461579
1460875
1455592
1450515
1450514
1450513
1450449
1443039
1443037
1443036
1441729
1440771
1440770
1440769
1440768
1437068
1436299
1434265
1434264
1434263
1434262
1434261
1434260
1434259
1434258
1434215
1434214
1433287
1432056
1430896
1424333
1419598
1419597
1409960
1409959
1409957
1409827
1409826
1409825
1407647
1404277
1400001
1399773
1399772
1399771
1396517
1396516
1396515
1396514
1396513
1396512
1396511
1396510
1383781
1383062
1380411
1366053
1365830
1351754
1348294
1347399
1347398
1347397
1344077
1344076
1344075
1344069
1339255
1337389
1334187
1331689
1331042
1329906
1329905
1329904
1329903
1329902
1322346
1321772
1318979
1318978
1318977
1318976
1318975
1318974
1318973
1318972
1318971
1318970
1318969
1318968
1318967
1318966
1318965
1318964
1318963
1318962
1318961
1318960
1318959
1318958
1318957
1318956
1318955
1318954
1318953
1318952
1318951
1318950
1318949
1318948
1318947
1318946
1318945
1318944
1318943
1318942
1318941
1318940
1318939
1318938
1318937
1318936
1318935
1318934
1318933
1318932
1318931
1318930
1318929
1318928
1318927
1318926
1318925
1318924
1318923
1318922
1316932
1316528
1316520
1311760
1311759
1304890
1304873
1303375
1303374
1302672
1302671
1302670
1302669
1302668
1298929
1298928
1298927
1298926
1298925
1298924
1295140
1290885
1290393
1283310
1278971
1275973
1275972
1275971
1275970
1275969
1275968
1275967
1275966
1269811
1268766
1263861
1263832
1263831
1263829
1262392
1261658
1261126
1261125
1261124
1249531
1249530
1249526
1249016
1248963
1248962
1248961
1248960
1248959
1248958
1248957
1248956
1248955
1248952
1248951
1248950
1248949
1248948
1248947
1248946
1248945
1248944
1248943
1248942
1248941
1248940
1248939
1232659
1228057
1228056
1224142
1222034
1220026
1207432
1207431
1207430
1207429
1198031
1196664
1196663
1195244
1184172
1184171
1184170
1184169
1184167
1184166
1184165
1173502
1171377
1169410
1169409
1167010
1167009
1167008
1167007
1164432
1164431
1164430
1164429
1164293
1164278
1164277
1164276
1164275
1163888
1163887
1163886
1163431
1161102
1160098
1160097
1156735
1151675
1151674
1151673
1151672
1147130
1138429
1132496
1122938
1122937
1122936
1122935
1122190
1121910
1120957
1120931
1117322
1115648
1097673
1095749
1095746
1095745
1095744
1095743
1095742
1089447
1082396
1078483
1078480
1078396
1078395
1078394
1078393
1078392
1077143
1075089
1072182
1072181
1072180
1072179
1071947
1071404
1071403
1071402
1071401
1035839
1035194
1035188
1032869
1032868
1032867
1032866
1032646
1032637
1032633
1032632
1032631
1032630
1032629
1032628
1032626
1032625
1032624
1032623
1028806
1028805
1028804
1028803
1028802
1005058
1005047
1005046
1005045
1005044
1001224
1001223
990477
990476
990475
990474
990473
985878
985008
978061
978060
978059
948565
948072
936601
935897
908285
908284
908282
907493
907492
907491
907490
907489
907488
907487
907486
888828
888728
888057
887324
880564
879276
876414
876413
871925
871120
871119
871118
871117
871116
871115
871114
871113
871112
871111
871110
871109
871108
871107
871106
871105
871104
871103
871102
871101
871100
866630
866512
866511
862965
862964
860909
860907
765700
762965
762964
762513
761664
761663
761662
754507
754506
754505
754350
754349
754348
754347
754346
754345
754344
754343
754262
754261
754260
754259
754258
754257
754256
754255
754254
749742
743972
712713
712314
712313
712312
712311
712310
712309
712154
712153
712152
712151
712150
712149
712148
701146
697331
696748
694569
679198
673731
673730
673729
669262
669261
669260
669040
669039
668336
667128
658623
656913
656912
653940
645115
645114
637911
634176
632691
627955
627954
627953
627952
627951
627950
627949
627948
627947
627946
627945
627944
627943
627942
627941
627940
627939
627938
627937
627936
627935
591023
584721
574809
574808
574807
574806
574805
574804
574803
572031
572030
572029
572028
572027
572026
572025
572023
572022
572021
572020
572019
572018
572017
572016
572015
572014
572013
572012
572011
570207
570206
570205
570204
570203
570202
570201
570200
570199
570198
570197
570196
570195
570179
570178
565615
565614
565613
565612
557723
554019
554017
554016
554015
554014
554013
554011
554010
554009
554007
554006
554005
554004
554003
554002
554001
554000
553999
553998
553997
553996
553995
553994
553993
553992
553990
553989
553988
553987
537457
521005
521004
520729
520728
520727
520726
516935
516063
509546
509545
505345
505341
505339
505317
502960
476528
470564
470563
463561
463560
463559
463558
463557
463556
463555
463554
463553
463552
463551
456482
456298
435970
435969
435968
435967
434271
434270
417616
417615
416916
416269
410254
410253
410252
409978
408138
408137
406374
398232
392969
392966
380674
375432
375177
375063
374933
374932
374931
374930
374929
374928
374927
374834
374805
374804
374668
371821
360279
358106
351734
339671
326377
326376
325808
325807
325806
310966
305953
305949
304290
304289
303392
303391
300470
300469
300468
300467
300466
300465
300464
300463
300462
300461
300460
300459
300458
300457
300456
300455
300454
300453
300452
300451
300450
300449
300448
300447
300446
300445
300444
300443
300442
300441
300440
300439
300438
300437
300436
300435
300434
300433
300432
300431
300430
300429
300428
300427
300426
300425
300424
300423
300422
300421
300420
300311
300308
292486
281393
281392
281391
281390
281389
281387
281386
281385
281384
281383
281382
281381
281310
272843
272629
272556
271160
271159
269296
264256
262728
262727
256731
256730
254839
253520
253158
253157
253156
253155
253154
253153
249188
248709
248708
248707
248706
248705
243826
243701
242637
239139
237779
233412
230709
228400
228399
223915
223914
221988
221404
221402
221401
221400
221399
221398
221396
221393
221392
221391
217202
217201
214906
209841
205914
203483
203482
202948
202947
197575
189834
186618
182182
175849
173061
173060
173058
169880
157673
157339
157337
157336
155517
155515
155493
146806
146805
134231
134230
134229
128400
128399
128397
128396
128395
128394
128393
128392
126475
125632
123840
123839
123838
123837
123835
123834
123833
123832
123831
123828
123827
123826
123825
123824
123823
123822
123821
123820
123819
123818
123814
123813
123812
116031
116030
115545
111844
109472
109471
97481
85410
85409
85408
85405
85404
85403
85402
85401
75985
75984
71421
67859
67857
67855
67854
67757
53500
53417
53416
51161
51049
51048
51047
47739
47738
47737
47735
45201
44294
44283
41114
40325
34063
28162
28161
28160
28159
28158
28157
28156
28155
28154
762
761
760
759
758
757
756
755
754
753
752
751
750
749
747
745
741
740
739
738
736
735
734
733
732
731
730
729
728
727
726
725
724
723
722
721
720
719
718
717
716
715
714
713
712
